3023
6141
3004
3024
3005
3710
3003
3020
3069
3022
3001
3010
54200
3021
15573
98138
2431
3070
3062
3666
3623
3795
3068
2412
3009
3622
3040
59900
11477
3002
73200
3039
2420
85984
4032
25269
3034
6636
3460
3941
3660
15068
3665
4070
87079
87580
3437
3700
2357
87087
4162
3031
63864
3008
3032
6091
4085
2654
85861
44728
4740
2456
4286
99780
4865
15712
4477
35480
32028
99207
11211
61252
41740
2780
30374
3035
14769
50950
24866
2540
30136
3832
32064
93273
6541
60478
4304
3298
33909
48336
30414
32062
32123
3011
20482
92946
99781
62462
2877
3937
3037
59443
24246
32013
3036
22885
3713
27925
3007
3957
2432
6536
3245
99563
3958
6558
63868
61678
2445
4081
3701
65304
4274
4519
32607
61409
43722
43093
18674
43723
32952
3747
26603
26601
32523
41770
41769
3065
24201
28802
44861
2454
85080
32000
11476
1927
32316
98283
60474
63965
48729
4460
29119
3659
32140
4287
29120
60481
2450
3705
49307
2555
28192
49668
42135
3030
87552
32524
6632
60470
3749
41677
4282
30357
34103
3176
3262
36840
87994
3626
53451
15207
2453
88072
37352
4599
26047
18654
15571
60479
30565
3033
11090
35787
32526
4079
11458
32034
14719
60592
32803
47457
60581
3673
60483
6111
6134
51739
54657
15535
3029
98313
11212
10247
3678
22385
87544
64644
73587
14716
3709
42003
32828
36841
40490
6231
60475
2419
32278
27263
60596
73825
32016
32184
6112
3706
3938
23443
3894
98560
67695
24299
24307
32525
4733
3942
92950
6014
69729
3045